# Sphere 3D Model Data File
# Format: Vertex and Face tables
# This is a sample file with a simple sphere (10 latitudes, 12 longitudes)

VERTICES 111
0 1 0
0.258819 0.965926 0
0.224144 0.965926 0.129410
0.129410 0.965926 0.224144
0 0.965926 0.258819
-0.129410 0.965926 0.224144
-0.224144 0.965926 0.129410
-0.258819 0.965926 0
-0.224144 0.965926 -0.129410
-0.129410 0.965926 -0.224144
0 0.965926 -0.258819
0.129410 0.965926 -0.224144
0.224144 0.965926 -0.129410
0.500000 0.866025 0
0.433013 0.866025 0.250000
0.250000 0.866025 0.433013
0 0.866025 0.500000
-0.250000 0.866025 0.433013
-0.433013 0.866025 0.250000
-0.500000 0.866025 0
-0.433013 0.866025 -0.250000
-0.250000 0.866025 -0.433013
0 0.866025 -0.500000
0.250000 0.866025 -0.433013
0.433013 0.866025 -0.250000
0.707107 0.707107 0
0.612372 0.707107 0.353553
0.353553 0.707107 0.612372
0 0.707107 0.707107
-0.353553 0.707107 0.612372
-0.612372 0.707107 0.353553
-0.707107 0.707107 0
-0.612372 0.707107 -0.353553
-0.353553 0.707107 -0.612372
0 0.707107 -0.707107
0.353553 0.707107 -0.612372
0.612372 0.707107 -0.353553
0.866025 0.500000 0
0.750000 0.500000 0.433013
0.433013 0.500000 0.750000
0 0.500000 0.866025
-0.433013 0.500000 0.750000
-0.750000 0.500000 0.433013
-0.866025 0.500000 0
-0.750000 0.500000 -0.433013
-0.433013 0.500000 -0.750000
0 0.500000 -0.866025
0.433013 0.500000 -0.750000
0.750000 0.500000 -0.433013
0.965926 0.258819 0
0.836516 0.258819 0.482963
0.482963 0.258819 0.836516
0 0.258819 0.965926
-0.482963 0.258819 0.836516
-0.836516 0.258819 0.482963
-0.965926 0.258819 0
-0.836516 0.258819 -0.482963
-0.482963 0.258819 -0.836516
0 0.258819 -0.965926
0.482963 0.258819 -0.836516
0.836516 0.258819 -0.482963
1 0 0
0.866025 0 0.500000
0.500000 0 0.866025
0 0 1
-0.500000 0 0.866025
-0.866025 0 0.500000
-1 0 0
-0.866025 0 -0.500000
-0.500000 0 -0.866025
0 0 -1
0.500000 0 -0.866025
0.866025 0 -0.500000
0.965926 -0.258819 0
0.836516 -0.258819 0.482963
0.482963 -0.258819 0.836516
0 -0.258819 0.965926
-0.482963 -0.258819 0.836516
-0.836516 -0.258819 0.482963
-0.965926 -0.258819 0
-0.836516 -0.258819 -0.482963
-0.482963 -0.258819 -0.836516
0 -0.258819 -0.965926
0.482963 -0.258819 -0.836516
0.836516 -0.258819 -0.482963
0.866025 -0.500000 0
0.750000 -0.500000 0.433013
0.433013 -0.500000 0.750000
0 -0.500000 0.866025
-0.433013 -0.500000 0.750000
-0.750000 -0.500000 0.433013
-0.866025 -0.500000 0
-0.750000 -0.500000 -0.433013
-0.433013 -0.500000 -0.750000
0 -0.500000 -0.866025
0.433013 -0.500000 -0.750000
0.750000 -0.500000 -0.433013
0.707107 -0.707107 0
0.612372 -0.707107 0.353553
0.353553 -0.707107 0.612372
0 -0.707107 0.707107
-0.353553 -0.707107 0.612372
-0.612372 -0.707107 0.353553
-0.707107 -0.707107 0
-0.612372 -0.707107 -0.353553
-0.353553 -0.707107 -0.612372
0 -0.707107 -0.707107
0.353553 -0.707107 -0.612372
0.612372 -0.707107 -0.353553
0 -1 0

FACES 216
3 0 1 2
3 0 2 3
3 0 3 4
3 0 4 5
3 0 5 6
3 0 6 7
3 0 7 8
3 0 8 9
3 0 9 10
3 0 10 11
3 0 11 12
3 0 12 1
3 1 2 14
3 1 14 13
3 2 3 15
3 2 15 14
3 3 4 16
3 3 16 15
3 4 5 17
3 4 17 16
3 5 6 18
3 5 18 17
3 6 7 19
3 6 19 18
3 7 8 20
3 7 20 19
3 8 9 21
3 8 21 20
3 9 10 22
3 9 22 21
3 10 11 23
3 10 23 22
3 11 12 24
3 11 24 23
3 12 1 13
3 12 13 24
3 13 14 26
3 13 26 25
3 14 15 27
3 14 27 26
3 15 16 28
3 15 28 27
3 16 17 29
3 16 29 28
3 17 18 30
3 17 30 29
3 18 19 31
3 18 31 30
3 19 20 32
3 19 32 31
3 20 21 33
3 20 33 32
3 21 22 34
3 21 34 33
3 22 23 35
3 22 35 34
3 23 24 36
3 23 36 35
3 24 13 25
3 24 25 36
3 25 26 38
3 25 38 37
3 26 27 39
3 26 39 38
3 27 28 40
3 27 40 39
3 28 29 41
3 28 41 40
3 29 30 42
3 29 42 41
3 30 31 43
3 30 43 42
3 31 32 44
3 31 44 43
3 32 33 45
3 32 45 44
3 33 34 46
3 33 46 45
3 34 35 47
3 34 47 46
3 35 36 48
3 35 48 47
3 36 25 37
3 36 37 48
3 37 38 50
3 37 50 49
3 38 39 51
3 38 51 50
3 39 40 52
3 39 52 51
3 40 41 53
3 40 53 52
3 41 42 54
3 41 54 53
3 42 43 55
3 42 55 54
3 43 44 56
3 43 56 55
3 44 45 57
3 44 57 56
3 45 46 58
3 45 58 57
3 46 47 59
3 46 59 58
3 47 48 60
3 47 60 59
3 48 37 49
3 48 49 60
3 49 50 62
3 49 62 61
3 50 51 63
3 50 63 62
3 51 52 64
3 51 64 63
3 52 53 65
3 52 65 64
3 53 54 66
3 53 66 65
3 54 55 67
3 54 67 66
3 55 56 68
3 55 68 67
3 56 57 69
3 56 69 68
3 57 58 70
3 57 70 69
3 58 59 71
3 58 71 70
3 59 60 72
3 59 72 71
3 60 49 61
3 60 61 72
3 61 62 74
3 61 74 73
3 62 63 75
3 62 75 74
3 63 64 76
3 63 76 75
3 64 65 77
3 64 77 76
3 65 66 78
3 65 78 77
3 66 67 79
3 66 79 78
3 67 68 80
3 67 80 79
3 68 69 81
3 68 81 80
3 69 70 82
3 69 82 81
3 70 71 83
3 70 83 82
3 71 72 84
3 71 84 83
3 72 61 73
3 72 73 84
3 73 74 86
3 73 86 85
3 74 75 87
3 74 87 86
3 75 76 88
3 75 88 87
3 76 77 89
3 76 89 88
3 77 78 90
3 77 90 89
3 78 79 91
3 78 91 90
3 79 80 92
3 79 92 91
3 80 81 93
3 80 93 92
3 81 82 94
3 81 94 93
3 82 83 95
3 82 95 94
3 83 84 96
3 83 96 95
3 84 73 85
3 84 85 96
3 85 86 98
3 85 98 97
3 86 87 99
3 86 99 98
3 87 88 100
3 87 100 99
3 88 89 101
3 88 101 100
3 89 90 102
3 89 102 101
3 90 91 103
3 90 103 102
3 91 92 104
3 91 104 103
3 92 93 105
3 92 105 104
3 93 94 106
3 93 106 105
3 94 95 107
3 94 107 106
3 95 96 108
3 95 108 107
3 96 85 97
3 96 97 108
3 97 110 98
3 98 110 99
3 99 110 100
3 100 110 101
3 101 110 102
3 102 110 103
3 103 110 104
3 104 110 105
3 105 110 106
3 106 110 107
3 107 110 108
3 108 110 97
